Some((
    red: 0.6828288,
    green: 0.94930774,
    blue: 0.98401767,
    alpha: 1.0,
))