Some((
    red: 1.0,
    green: 0.69606566,
    blue: 0.73810416,
    alpha: 1.0,
))