Some((
    red: 0.123889625,
    green: 0.31993243,
    blue: 0.40395075,
    alpha: 1.0,
))