Some((
    red: 0.30762953,
    green: 0.16168965,
    blue: 0.050081015,
    alpha: 1.0,
))