Some((
    red: 0.18485463,
    green: 0.18485463,
    blue: 0.18485463,
))