Some((
    red: 0.35792696,
    green: 0.8376646,
    blue: 0.99757713,
))