Some((
    red: 0.9691816,
    green: 0.9914686,
    blue: 1.0,
    alpha: 1.0,
))