Some((
    red: 0.0,
    green: 0.35084552,
    blue: 0.4576246,
    alpha: 1.0,
))