Some((
    red: 0.15071201,
    green: 0.08327959,
    blue: 0.006208807,
    alpha: 1.0,
))