Some((
    red: 0.1391671,
    green: 0.41088575,
    blue: 0.50145864,
    alpha: 1.0,
))