Some((
    red: 0.24693435,
    green: 0.24693435,
    blue: 0.24693435,
))