Some((
    red: 0.013513878,
    green: 0.093478024,
    blue: 0.014846613,
    alpha: 1.0,
))