Some((
    red: 0.0,
    green: 0.24352583,
    blue: 0.3176424,
    alpha: 1.0,
))