Some((
    red: 0.08849865,
    green: 0.17291337,
    blue: 0.08990556,
    alpha: 1.0,
))