Some((
    red: 0.0024425983,
    green: 0.52966774,
    blue: 0.0024425983,
))