Some((
    red: 0.0,
    green: 0.19138558,
    blue: 0.22966272,
    alpha: 1.0,
))